General data ----------------------------------------------------------------
Format: #Ships #Berths #Safety_Distance_Adjacents #Safety_Distance_Opposite
100 11 10 30

Berths ----------------------------------------------------------------------
Format for each berth: Type Max_Draft Max_Length Max_Width Max_DWT
Berth 0
GAS 9.5 160.0 26.0 16255.0
CHEMICALS 11.5 213.0 32.0 45000.0

Berth 1
GAS 6.5 110.0 21.0 10000.0
GAS 6.5 122.0 21.0 10700.0
GAS 6.5 130.0 21.3 11800.0
GAS 6.5 138.0 21.4 12240.0
CHEMICALS 6.5 110.0 21.0 10000.0
CHEMICALS 6.5 122.0 21.0 10700.0
CHEMICALS 6.5 130.0 21.3 11800.0
CHEMICALS 6.5 138.0 21.4 12240.0

Berth 2
MINERAL_OILS 7.0 105.0 14.5 4500.0
MINERAL_OILS 5.8 110.0 18.8 6000.0

Berth 3
MINERAL_OILS 11.5 242.0 36.0 65000.0
MINERAL_OILS 12.0 242.0 32.0 65000.0
MINERAL_OILS 12.5 242.0 28.0 65000.0

Berth 4
MINERAL_OILS 15.0 295.0 43.5 125000.0
CHEMICALS 15.0 295.0 43.5 125000.0
GAS 15.0 295.0 43.5 125000.0

Berth 5
MINERAL_OILS 8.0 135.0 22.0 6000.0
MINERAL_OILS 5.8 135.0 17.5 7500.0

Berth 6
MINERAL_OILS 6.6 125.0 17.5 4550.0
MINERAL_OILS 6.6 125.0 17.5 5500.0

Berth 7
GAS 13.0 240.0 33.5 65000.0
CHEMICALS 13.0 240.0 33.5 65000.0

Berth 8
GAS 4.4 95.0 13.5 2000.0
CHEMICALS 4.4 95.0 13.5 2000.0

Berth 9
MINERAL_OILS 8.0 130.0 20.0 8000.0
MINERAL_OILS 5.2 135.0 21.52 9200.0
MINERAL_OILS 8.0 135.0 20.0 8000.0
CHEMICALS 8.0 130.0 20.0 8000.0
CHEMICALS 5.2 135.0 21.52 9200.0
CHEMICALS 8.0 135.0 20.0 8000.0
GAS 8.0 130.0 20.0 8000.0
GAS 5.2 135.0 21.52 9200.0
GAS 8.0 135.0 20.0 8000.0

Berth 10
MINERAL_OILS 11.5 242.0 36.0 65000.0
MINERAL_OILS 12.0 242.0 32.0 65000.0
MINERAL_OILS 12.5 242.0 28.0 65000.0

Distances between opposite berths (0=Infinity):
0	0	92	92	0	0	0	0	0	0	0	
0	0	92	92	0	0	0	0	0	0	0	
92	92	0	0	0	0	0	0	0	0	0	
92	92	0	0	0	0	0	0	0	0	0	
0	0	0	0	0	0	0	129	196	196	0	
0	0	0	0	0	0	0	129	196	196	0	
0	0	0	0	0	0	0	0	0	0	0	
0	0	0	0	129	129	0	0	0	0	0	
0	0	0	0	196	196	0	0	0	0	0	
0	0	0	0	196	196	0	0	0	0	0	
0	0	0	0	0	0	0	0	0	0	0	

Distances between adjacent berths (0=Infinity):
0	140	0	0	0	0	0	0	0	0	0	
140	0	0	0	0	0	0	0	0	0	0	
0	0	0	187	0	0	0	0	0	0	0	
0	0	187	0	0	0	0	0	0	0	0	
0	0	0	0	0	187	0	0	0	0	0	
0	0	0	0	187	0	0	0	0	0	0	
0	0	0	0	0	0	0	0	0	0	0	
0	0	0	0	0	0	0	0	75	0	0	
0	0	0	0	0	0	0	75	0	160	0	
0	0	0	0	0	0	0	0	160	0	0	
0	0	0	0	0	0	0	0	0	0	0	

Berths blocked by lists of other berths:


Special rules:
Format: Rule	Jetty	ShipType	Dimension Type	Rule Type	Factor Ship1	Factor Ship2	Limit
1	4	ALL	DWT	Moored	0	1	30000	
2	7	ALL	LOA	Moored	0	1	135	
3	4	ALL	DWT	Moored	0	1	20000	
4	7	ALL	DWT	Moored	0	1	20000	
10	5	ALL	LOA	Moored	0	1	0	
11	3	ALL	LOA	Moored	0	1	0	
12	0	ALL	LOA	Moored	0	1	0	
13	0	ALL	LOA	Moored	0	1	0	
14	3	ALL	LOA	Moored	0	1	0	
16	0	ALL	LOA	Moored	0	1	0	
17	2	ALL	LOA	Moored	0	1	0	
20	3	ALL	LOA	Moored	0	1	0	
21	2	ALL	LOA	Moored	0	1	0	
22	6	ALL	LOA	Moored	0	1	100	
23	7	ALL	LOA	Moored	0	1	200	
24	6	ALL	LOA	Moored	0	1	100	
25	6	ALL	LOA	Moored	0	1	135	
26	7	ALL	LOA	Moored	0	1	200	
27	6	ALL	LOA	Moored	0	1	125	
28	6	ALL	LOA	Moored	0	1	135	
29	7	ALL	LOA	Moored	0	1	150	


Composite rules:
CompatibilityRule	ShipType	Dimension Type	Compatibility Type	Min	Max	Jetties	Independent Rules	Dependent Rules
1	ALL	LOA	Moored	135	Inf	7	1	
2	ALL	DWT	Moored	30000	Inf	4	2	
3	ALL	DWT	Moored	20000	30000	7	3	
4	ALL	DWT	Moored	20000	30000	4	4	
9	ALL	LOA	Sailing	0	Inf	6	10	
11	ALL	LOA	Moored	135	Inf	0	11	
12	ALL	LOA	Moored	135	Inf	3	12	
13	ALL	LOA	Sailing	0	Inf	2		13,14	
14	ALL	LOA	Sailing	0	Inf	1		13,14	
16	ALL	LOA	Sailing	0	Inf	2		16,17	
18	ALL	LOA	Moored	0	Inf	0		20,21	
19	ALL	LOA	Moored	200	Inf	7	22	
20	ALL	LOA	Moored	100	Inf	6	23	
21	ALL	LOA	Moored	150	200	7	24
24	ALL	LOA	Moored	0	150	7	27
25	ALL	LOA	Moored	125	Inf	6	29	

Ships -----------------------------------------------------------------------
Format: Type Draft Length Width DWT Arrival Des_depart Manoeuvring_time Cost_Wait Cost_Delay Process_times_in_berths(0=Incompatible)
GAS 13.31 124.61 18.96 1739.9 0.0 0.0 0 0 1 0 0 0 0 13 0 0 0 0 0 0 
GAS 4.02 120.35 12.7 1269.48 0.0 0.0 0 0 1 16 13 0 0 20 0 0 19 0 19 0 
GAS 12.44 117.3 26.61 1738.79 0.0 0.0 0 0 1 0 0 0 0 16 0 0 19 0 0 0 
MINERAL_OILS 3.35 102.8 8.69 1826.43 3.0 3.0 0 0 1 0 0 11 15 9 12 8 0 0 13 12 
MINERAL_OILS 1.61 73.16 5.99 860.06 10.0 10.0 0 0 1 0 0 13 11 10 13 10 0 0 9 8 
MINERAL_OILS 1.43 71.56 5.55 856.57 12.0 12.0 0 0 1 0 0 14 18 19 17 12 0 0 19 11 
MINERAL_OILS 7.92 108.64 15.67 5103.12 12.0 12.0 0 0 1 0 0 0 12 16 23 0 0 0 13 11 
CHEMICALS 10.77 270.64 36.29 47213.86 13.0 13.0 0 0 1 0 0 0 0 13 0 0 0 0 0 0 
MINERAL_OILS 1.25 72.76 8.4 529.99 19.0 19.0 0 0 1 0 0 8 10 11 7 7 0 0 13 10 
MINERAL_OILS 1.29 73.34 6.89 785.39 21.0 21.0 0 0 1 0 0 11 10 8 9 10 0 0 12 11 
MINERAL_OILS 6.77 108.41 16.33 4756.82 25.0 25.0 0 0 1 0 0 0 5 8 6 0 0 0 7 10 
GAS 12.75 108.0 13.95 1818.13 29.0 29.0 0 0 1 0 0 0 0 9 0 0 12 0 0 0 
GAS 6.1 153.58 15.17 5446.33 29.0 29.0 0 0 1 12 0 0 0 7 0 0 10 0 0 0 
CHEMICALS 8.13 201.86 17.66 2392.35 31.0 31.0 0 0 1 20 0 0 0 24 0 0 14 0 0 0 
CHEMICALS 3.54 119.64 16.19 221.34 36.0 36.0 0 0 1 7 5 0 0 6 0 0 4 0 6 0 
MINERAL_OILS 3.43 122.81 16.68 6623.17 43.0 43.0 0 0 1 0 0 0 6 6 6 0 0 0 5 6 
MINERAL_OILS 8.77 132.48 27.65 30215.01 49.0 49.0 0 0 1 0 0 0 23 13 0 0 0 0 0 20 
MINERAL_OILS 1.51 48.69 6.61 690.9 50.0 50.0 0 0 1 0 0 7 4 9 8 5 0 0 5 5 
MINERAL_OILS 6.2 97.63 19.62 10006.39 52.0 52.0 0 0 1 0 0 0 13 14 0 0 0 0 0 15 
MINERAL_OILS 6.8 80.5 13.1 5074.93 52.0 52.0 0 0 1 0 0 0 13 17 22 0 0 0 22 18 
GAS 2.2 118.84 10.66 1135.92 53.0 53.0 0 0 1 8 9 0 0 9 0 0 9 0 11 0 
GAS 5.52 140.23 13.15 5981.07 53.0 53.0 0 0 1 6 0 0 0 11 0 0 10 0 0 0 
CHEMICALS 12.73 100.68 19.62 3478.05 53.0 53.0 0 0 1 0 0 0 0 5 0 0 6 0 0 0 
CHEMICALS 8.11 137.32 17.43 1342.84 65.0 65.0 0 0 1 15 0 0 0 13 0 0 13 0 0 0 
CHEMICALS 5.48 107.17 12.06 2191.34 65.0 65.0 0 0 1 10 11 0 0 14 0 0 16 0 14 0 
CHEMICALS 5.56 136.78 13.0 123.76 67.0 67.0 0 0 1 10 12 0 0 12 0 0 14 0 0 0 
CHEMICALS 7.5 123.96 14.98 1163.61 68.0 68.0 0 0 1 19 0 0 0 18 0 0 17 0 25 0 
CHEMICALS 11.42 182.76 27.89 37875.01 68.0 68.0 0 0 1 19 0 0 0 20 0 0 26 0 0 0 
CHEMICALS 4.38 110.86 17.57 2035.33 70.0 70.0 0 0 1 6 6 0 0 6 0 0 7 0 9 0 
GAS 6.61 125.09 9.18 1247.29 70.0 70.0 0 0 1 4 0 0 0 9 0 0 7 0 7 0 
MINERAL_OILS 3.22 82.68 9.2 1349.42 72.0 72.0 0 0 1 0 0 15 19 20 16 16 0 0 20 13 
MINERAL_OILS 4.63 99.77 11.87 6969.32 72.0 72.0 0 0 1 0 0 0 18 20 18 0 0 0 20 18 
MINERAL_OILS 7.99 122.72 20.4 12645.99 72.0 72.0 0 0 1 0 0 0 15 20 0 0 0 0 0 18 
MINERAL_OILS 1.44 71.32 4.94 782.61 73.0 73.0 0 0 1 0 0 10 10 9 9 11 0 0 7 8 
MINERAL_OILS 6.23 101.03 16.92 5882.04 75.0 75.0 0 0 1 0 0 0 12 13 16 0 0 0 11 16 
MINERAL_OILS 5.24 92.63 19.41 5734.66 78.0 78.0 0 0 1 0 0 0 8 10 10 0 0 0 10 10 
CHEMICALS 10.13 96.36 30.61 30892.01 78.0 78.0 0 0 1 21 0 0 0 18 0 0 12 0 0 0 
CHEMICALS 4.78 44.5 16.63 274.92 79.0 79.0 0 0 1 21 16 0 0 20 0 0 18 0 23 0 
CHEMICALS 4.05 100.22 13.12 2025.63 79.0 79.0 0 0 1 17 15 0 0 9 0 0 8 0 21 0 
GAS 1.77 147.03 11.01 1183.32 79.0 79.0 0 0 1 11 0 0 0 8 0 0 12 0 0 0 
GAS 6.94 99.45 23.12 6134.31 79.0 79.0 0 0 1 12 0 0 0 10 0 0 15 0 0 0 
CHEMICALS 3.0 87.66 16.16 426.06 85.0 85.0 0 0 1 9 14 0 0 7 0 0 10 0 7 0 
MINERAL_OILS 5.2 97.21 10.54 3524.41 92.0 92.0 0 0 1 0 0 16 14 16 10 13 0 0 15 11 
GAS 6.66 124.19 11.48 5197.05 95.0 95.0 0 0 1 11 0 0 0 9 0 0 10 0 12 0 
GAS 2.17 129.58 16.33 1690.04 95.0 95.0 0 0 1 5 11 0 0 10 0 0 11 0 10 0 
CHEMICALS 4.75 76.69 19.84 3958.27 96.0 96.0 0 0 1 9 9 0 0 7 0 0 6 0 8 0 
MINERAL_OILS 1.1 101.96 7.85 837.25 97.0 97.0 0 0 1 0 0 10 11 12 10 9 0 0 10 9 
MINERAL_OILS 6.91 75.47 8.83 4652.65 106.0 106.0 0 0 1 0 0 0 13 6 11 0 0 0 8 13 
CHEMICALS 9.48 163.02 14.08 1782.82 109.0 109.0 0 0 1 20 0 0 0 17 0 0 24 0 0 0 
MINERAL_OILS 1.92 106.09 6.38 1404.72 109.0 109.0 0 0 1 0 0 10 12 10 4 9 0 0 9 7 
MINERAL_OILS 5.12 75.0 12.81 3130.83 110.0 110.0 0 0 1 0 0 9 7 7 10 8 0 0 9 10 
MINERAL_OILS 2.82 96.11 10.71 1853.91 111.0 111.0 0 0 1 0 0 9 11 9 12 8 0 0 13 9 
MINERAL_OILS 2.11 114.65 8.33 2588.75 113.0 113.0 0 0 1 0 0 0 7 8 6 7 0 0 6 8 
GAS 5.21 119.98 15.43 1128.97 117.0 117.0 0 0 1 6 6 0 0 5 0 0 5 0 6 0 
MINERAL_OILS 2.09 98.99 13.81 1726.52 119.0 119.0 0 0 1 0 0 6 5 5 5 5 0 0 5 5 
MINERAL_OILS 1.15 92.02 9.01 720.12 119.0 119.0 0 0 1 0 0 5 5 6 4 7 0 0 4 4 
CHEMICALS 9.86 109.42 16.35 2494.55 121.0 121.0 0 0 1 13 0 0 0 12 0 0 7 0 0 0 
MINERAL_OILS 1.44 55.6 6.24 688.52 124.0 124.0 0 0 1 0 0 12 10 13 8 11 0 0 13 13 
MINERAL_OILS 2.34 71.5 6.73 1809.57 126.0 126.0 0 0 1 0 0 8 10 11 12 11 0 0 12 12 
CHEMICALS 4.36 82.41 16.17 2178.47 129.0 129.0 0 0 1 9 12 0 0 10 0 0 7 0 9 0 
CHEMICALS 6.7 112.19 17.82 950.99 130.0 130.0 0 0 1 10 0 0 0 9 0 0 8 0 10 0 
MINERAL_OILS 4.13 118.93 9.44 3118.8 132.0 132.0 0 0 1 0 0 0 16 13 15 15 0 0 12 14 
CHEMICALS 4.08 116.86 16.92 173.51 135.0 135.0 0 0 1 20 21 0 0 16 0 0 21 0 16 0 
MINERAL_OILS 10.29 209.9 31.58 30444.79 137.0 137.0 0 0 1 0 0 0 6 8 0 0 0 0 0 10 
CHEMICALS 3.48 78.75 15.07 425.31 139.0 139.0 0 0 1 5 6 0 0 9 0 0 6 0 7 0 
MINERAL_OILS 1.34 50.19 7.57 584.35 143.0 143.0 0 0 1 0 0 11 10 15 13 10 0 0 14 13 
MINERAL_OILS 6.52 114.3 25.62 6581.1 145.0 145.0 0 0 1 0 0 0 12 15 0 0 0 0 0 15 
CHEMICALS 5.67 143.78 11.09 1233.59 145.0 145.0 0 0 1 7 0 0 0 9 0 0 8 0 0 0 
MINERAL_OILS 5.66 83.78 12.15 4407.66 148.0 148.0 0 0 1 0 0 14 13 9 12 13 0 0 16 17 
MINERAL_OILS 7.25 68.72 21.77 8330.52 149.0 149.0 0 0 1 0 0 0 11 9 0 0 0 0 0 12 
CHEMICALS 4.51 97.0 12.33 187.24 151.0 151.0 0 0 1 20 20 0 0 20 0 0 20 0 16 0 
CHEMICALS 4.37 75.38 21.64 717.61 151.0 151.0 0 0 1 18 0 0 0 12 0 0 24 0 0 0 
CHEMICALS 6.6 89.06 12.83 664.56 151.0 151.0 0 0 1 24 0 0 0 12 0 0 16 0 15 0 
MINERAL_OILS 3.15 137.63 8.58 6788.11 154.0 154.0 0 0 1 0 0 0 10 10 0 0 0 0 0 6 
GAS 14.11 117.01 16.48 1986.57 157.0 157.0 0 0 1 0 0 0 0 9 0 0 0 0 0 0 
CHEMICALS 11.45 144.46 22.07 2942.59 158.0 158.0 0 0 1 17 0 0 0 18 0 0 18 0 0 0 
MINERAL_OILS 4.35 144.75 14.34 7044.11 158.0 158.0 0 0 1 0 0 0 12 10 0 0 0 0 0 10 
MINERAL_OILS 5.56 133.5 12.17 5551.13 160.0 160.0 0 0 1 0 0 0 7 8 9 0 0 0 7 7 
MINERAL_OILS 2.47 68.75 9.45 2330.6 162.0 162.0 0 0 1 0 0 15 13 20 13 17 0 0 13 20 
GAS 13.52 158.51 18.93 1745.23 166.0 166.0 0 0 1 0 0 0 0 17 0 0 0 0 0 0 
GAS 2.79 66.18 12.07 1046.31 166.0 166.0 0 0 1 11 12 0 0 11 0 0 15 14 13 0 
MINERAL_OILS 3.08 85.88 13.26 4434.0 168.0 168.0 0 0 1 0 0 6 9 5 7 5 0 0 9 6 
CHEMICALS 5.65 126.51 13.73 249.29 170.0 170.0 0 0 1 16 13 0 0 17 0 0 16 0 20 0 
CHEMICALS 7.57 132.88 24.91 31997.08 170.0 170.0 0 0 1 18 0 0 0 18 0 0 20 0 0 0 
CHEMICALS 6.78 106.47 19.68 1757.83 170.0 170.0 0 0 1 19 0 0 0 15 0 0 17 0 21 0 
CHEMICALS 6.42 119.16 17.73 207.9 170.0 170.0 0 0 1 21 18 0 0 20 0 0 14 0 18 0 
CHEMICALS 13.9 180.85 19.89 20144.67 170.0 170.0 0 0 1 0 0 0 0 20 0 0 0 0 0 0 
MINERAL_OILS 7.22 201.77 25.55 31223.52 172.0 172.0 0 0 1 0 0 0 10 8 0 0 0 0 0 10 
CHEMICALS 6.44 64.5 11.79 1162.24 175.0 175.0 0 0 1 7 7 0 0 8 0 0 6 0 9 0 
GAS 12.97 164.66 16.91 1599.38 175.0 175.0 0 0 1 0 0 0 0 8 0 0 7 0 0 0 
MINERAL_OILS 2.16 109.77 11.47 1138.06 181.0 181.0 0 0 1 0 0 14 11 9 12 12 0 0 8 10 
CHEMICALS 8.26 88.13 15.23 1333.68 181.0 181.0 0 0 1 9 0 0 0 8 0 0 10 0 0 0 
CHEMICALS 10.41 200.52 35.61 34472.84 183.0 183.0 0 0 1 0 0 0 0 8 0 0 0 0 0 0 
CHEMICALS 6.79 149.02 21.58 1213.24 184.0 184.0 0 0 1 11 0 0 0 11 0 0 9 0 0 0 
CHEMICALS 3.4 91.09 12.55 3125.23 186.0 186.0 0 0 1 45 52 0 0 31 0 0 47 0 58 0 
CHEMICALS 3.61 131.09 20.25 345.46 186.0 186.0 0 0 1 42 48 0 0 52 0 0 42 0 48 0 
CHEMICALS 3.97 96.98 11.63 1900.75 186.0 186.0 0 0 1 45 40 0 0 45 0 0 45 0 34 0 
CHEMICALS 5.21 50.8 12.7 3316.56 186.0 186.0 0 0 1 45 43 0 0 49 0 0 44 0 42 0 
CHEMICALS 7.22 73.96 16.45 5298.1 186.0 186.0 0 0 1 54 0 0 0 42 0 0 53 0 35 0 
